
DELETE FROM `gameobject` WHERE `map` = '648';
INSERT INTO `gameobject` (`guid`, `id`, `map`, `spawnMask`, `phaseMask`, `position_x`, `position_y`, `position_z`, `orientation`, `rotation0`, `rotation1`, `rotation2`, `rotation3`, `spawntimesecs`, `animprogress`, `state`) VALUES
(4000289, 195488, 648, 1, 1, -8624.32, 1349.03, 35.2815, 1.25013, 0, 0, 0.585151, 0.810924, 180, 0, 1),
(4000290, 195488, 648, 1, 1, -8672.07, 1352.35, 27.027, 3.78933, 0, 0, 0.948012, -0.318235, 180, 0, 1),
(4000291, 195488, 648, 1, 1, -8659.95, 1362.81, 29.4481, 0.899056, 0, 0, 0.434541, 0.900652, 180, 0, 1),
(4000292, 195488, 648, 1, 1, -8604.55, 1257.96, 43.5549, 2.90418, 0, 0, 0.992963, 0.118426, 180, 0, 1),
(4000293, 195488, 648, 1, 1, -8522.17, 1156.69, 58.0319, 3.8409, 0, 0, 0.939492, -0.342571, 180, 0, 1),
(4000294, 195488, 648, 1, 1, -8513.79, 1160.07, 52.699, 4.8894, 0, 0, 0.641839, -0.76684, 180, 0, 1),
(4000295, 195488, 648, 1, 1, -8436.68, 1137.58, 48.0595, 5.93398, 0, 0, 0.173716, -0.984796, 180, 0, 1),
(4000296, 195488, 648, 1, 1, -8481.97, 1258.14, 58.9453, 2.33371, 0, 0, 0.919518, 0.393047, 180, 0, 1),
(4000297, 195488, 648, 1, 1, -8608.22, 1310.97, 39.3346, 6.04944, 0, 0, 0.116605, -0.993178, 180, 0, 1),
(4000298, 195488, 648, 1, 1, -8659.16, 1316.47, 28.6079, 3.07279, 0, 0, 0.999408, 0.0343961, 180, 0, 1),
(4000299, 195488, 648, 1, 1, -8647.02, 1337.39, 32.2365, 4.91533, 0, 0, 0.631843, -0.775097, 180, 0, 1),
(4000300, 195488, 648, 1, 1, -8673.83, 1363.26, 27.8368, 3.22123, 0, 0, 0.999207, -0.0398064, 180, 0, 1),
(4000301, 195488, 648, 1, 1, -8647.94, 1368.45, 31.6769, 1.65305, 0, 0, 0.735582, 0.677436, 180, 0, 1),
(4000302, 202865, 648, 1, 1, -8128.75, 1903.79, 55.405, 5.35007, 0, 0, 0.449813, -0.893123, 3600, 0, 1),
(4000303, 207237, 648, 1, 1, -8340.2, 1785.47, 43.364, 0.24544, 0, 0, 0.122412, 0.992479, 3600, 0, 1),
(4000304, 207238, 648, 1, 1, -8305.5, 1694.46, 50.8114, 5.29093, 0, 0, 0.476024, -0.879432, 3600, 0, 1),
(4000305, 207239, 648, 1, 1, -8234.15, 1456.03, 40.0663, 2.697, 0, 0, 0.975394, 0.220468, 3600, 0, 1),
(4000306, 207253, 648, 1, 1, -8427.32, 1373.27, 104.67, 5.49968, 0, 0, 0.381808, -0.924242, 3600, 0, 1),
(4000307, 207260, 648, 1, 1, -8421.4, 1369.09, 104.663, 4.12477, 0, 0, 0.881585, -0.472026, 3600, 0, 1),
(4000308, 207261, 648, 1, 1, -8425.84, 1368.85, 104.676, 4.98477, 0, 0, 0.604554, -0.796564, 3600, 0, 1),
(4000309, 207262, 648, 1, 1, -8402.17, 1363.65, 104.72, 3.14694, 0, 0, 0.999996, -0.00267176, 3600, 0, 1),
(4000310, 207447, 648, 1, 1, -8381.34, 1318.36, 104.679, 2.08884, 0, 0, 0.864633, 0.502404, 3600, 0, 1),
(4000311, 207756, 648, 1, 1, -8402.29, 1314.77, 101.149, 1.56124, 0, 0, 0.70372, 0.710478, 3600, 0, 1),
(4000312, 207758, 648, 1, 1, -8419.42, 1342.06, 102.49, 4.39496, 0, 0, 0.809978, -0.58646, 3600, 0, 1),
(4000313, 207760, 648, 1, 1, -8425, 1347.67, 104.663, 4.69654, 0, 0, 0.71269, -0.701479, 3600, 0, 1),
(4028071, 195201, 648, 1, 1, 626.952, 3095.89, 4.51761, 4.23765, 0, 0, 0.853553, -0.521006, 300, 0, 1),
(4028072, 195201, 648, 1, 1, 606.583, 3056.6, 9.08195, 4.34368, 0, 0, 0.824747, -0.565502, 300, 0, 1),
(4028073, 195201, 648, 1, 1, 679.214, 3048.65, 11.3167, 6.16972, 0, 0, 0.0567019, -0.998391, 300, 0, 1),
(4029135, 201603, 648, 1, 1, -8282.49, 1436, 39.8014, 3.65512, 0, 0, 0.967218, -0.253949, 300, 0, 1),
(4029256, 195518, 648, 1, 2, -8008.99, 1859.07, 53.2203, 1.65623, 0, 0, 0.736659, 0.676265, 300, 0, 1);




INSERT INTO `gameobject` (`guid`, `id`, `map`, `spawnMask`, `phaseMask`, `position_x`, `position_y`, `position_z`, `orientation`, `rotation0`, `rotation1`, `rotation2`, `rotation3`, `spawntimesecs`, `animprogress`, `state`) VALUES
(4000259, 195488, 648, 1, 1, -8536.22, 1044.52, 41.3616, 4.01221, 0, 0, 0.906741, -0.421688, 180, 0, 1),
(4000260, 195488, 648, 1, 1, -8370.9, 1127.87, 35.4366, 3.12403, 0, 0, 0.999961, 0.0087833, 180, 0, 1),
(4000261, 195488, 648, 1, 1, -8345.03, 1106.46, 32.7828, 5.83579, 0, 0, 0.221838, -0.975084, 180, 0, 1),
(4000262, 195488, 648, 1, 1, -8346.79, 1109.78, 29.3525, 4.08043, 0, 0, 0.89183, -0.45237, 180, 0, 1),
(4000263, 195488, 648, 1, 1, -8343, 1111.01, 31.2638, 5.76904, 0, 0, 0.254251, -0.967138, 180, 0, 1),
(4000264, 195488, 648, 1, 1, -8349.48, 1124.86, 32.3511, 5.97168, 0, 0, 0.155125, -0.987895, 180, 0, 1),
(4000265, 195488, 648, 1, 1, -8359.37, 1153.31, 35.5405, 0.00579834, 0, 0, 0.00289917, 0.999996, 180, 0, 1),
(4000266, 195488, 648, 1, 1, -8419.01, 1219.37, 53.732, 0.267536, 0, 0, 0.133369, 0.991066, 180, 0, 1),
(4000267, 195488, 648, 1, 1, -8411.85, 1210.54, 53.7551, 5.27602, 0, 0, 0.482565, -0.87586, 180, 0, 1),
(4000268, 195488, 648, 1, 1, -8534.76, 1062.77, 42.9345, 2.46085, 0, 0, 0.942631, 0.333837, 180, 0, 1),
(4000269, 195488, 648, 1, 1, -8539.69, 1044.6, 44.2828, 2.88909, 0, 0, 0.992041, 0.125918, 180, 0, 1),
(4000270, 195488, 648, 1, 1, -8535.21, 1040.85, 44.008, 4.77718, 0, 0, 0.683831, -0.72964, 180, 0, 1),
(4000271, 195488, 648, 1, 1, -8512.28, 1053.87, 44.2278, 0.215589, 0, 0, 0.107586, 0.994196, 180, 0, 1),
(4000272, 195488, 648, 1, 1, -8520.28, 1070.85, 44.0053, 5.98826, 0, 0, 0.146931, -0.989147, 180, 0, 1),
(4000273, 195488, 648, 1, 1, -8499.43, 1060.64, 41.9291, 4.6358, 0, 0, 0.733659, -0.679518, 180, 0, 1),
(4000274, 195488, 648, 1, 1, -8504.72, 1093.09, 42.2762, 4.1292, 0, 0, 0.880536, -0.473979, 180, 0, 1),
(4000275, 195488, 648, 1, 1, -8465.58, 1119.42, 42.557, 5.18179, 0, 0, 0.523281, -0.85216, 180, 0, 1),
(4000276, 195488, 648, 1, 1, -8412.81, 1204.14, 45.145, 1.43779, 0, 0, 0.658552, 0.752535, 180, 0, 1),
(4000277, 195488, 648, 1, 1, -8391.96, 1145.91, 36.938, 5.51693, 0, 0, 0.373824, -0.9275, 180, 0, 1),
(4000278, 195488, 648, 1, 1, -8425.23, 1166.14, 40.8824, 4.92003, 0, 0, 0.630019, -0.77658, 180, 0, 1),
(4000279, 195488, 648, 1, 1, -8512.43, 1183.47, 46.1791, 1.55067, 0, 0, 0.699955, 0.714187, 180, 0, 1),
(4000280, 195488, 648, 1, 1, -8624.54, 1299.71, 38.2598, 2.21146, 0, 0, 0.893792, 0.448482, 180, 0, 1),
(4000281, 195488, 648, 1, 1, -8604.14, 1280.6, 42.12, 1.06085, 0, 0, 0.505901, 0.862592, 180, 0, 1),
(4000282, 195488, 648, 1, 1, -8597.62, 1221.42, 48.7933, 4.76751, 0, 0, 0.687352, -0.726325, 180, 0, 1),
(4000283, 195488, 648, 1, 1, -8562.89, 1266.93, 46.8042, 4.54211, 0, 0, 0.764676, -0.644415, 180, 0, 1),
(4000284, 195488, 648, 1, 1, -8535.93, 1265.53, 53.6315, 1.42644, 0, 0, 0.654271, 0.75626, 180, 0, 1),
(4000285, 195488, 648, 1, 1, -8469.62, 1230.08, 48.5061, 2.76947, 0, 0, 0.98274, 0.184991, 180, 0, 1),
(4000286, 195488, 648, 1, 1, -8490.25, 1226.31, 45.3933, 0.421139, 0, 0, 0.209017, 0.977912, 180, 0, 1),
(4000287, 195488, 648, 1, 1, -8517.99, 1238.11, 54.4516, 1.95266, 0, 0, 0.828448, 0.560067, 180, 0, 1),
(4000288, 195488, 648, 1, 1, -8486.58, 1129.05, 41.7079, 3.35696, 0, 0, 0.994208, -0.107473, 180, 0, 1);





INSERT INTO `gameobject` (`guid`, `id`, `map`, `spawnMask`, `phaseMask`, `position_x`, `position_y`, `position_z`, `orientation`, `rotation0`, `rotation1`, `rotation2`, `rotation3`, `spawntimesecs`, `animprogress`, `state`) VALUES
(4000246, 195488, 648, 1, 1, -8498.36, 1208.49, 43.076, 2.16687, 0, 0, 0.88357, 0.468298, 180, 0, 1),
(4000247, 195488, 648, 1, 1, -8498.2, 1208.06, 43.0213, 4.31414, 0, 0, 0.833007, -0.553263, 180, 0, 1),
(4000248, 195525, 648, 1, 1, -8364.39, 1718.17, 39.9443, 4.75687, 0, 0, 0.691206, -0.722658, 3600, 0, 1),
(4000249, 195525, 648, 1, 1, -8358.5, 1733.18, 50.9583, 1.56974, 0, 0, 0.706734, 0.707479, 3600, 0, 1),
(4000250, 195525, 648, 1, 1, -8359.25, 1717.93, 50.957, 1.62315, 0, 0, 0.725372, 0.688357, 3600, 0, 1),
(4000251, 195525, 648, 1, 1, -8364.4, 1731.8, 39.9435, 1.58386, 0, 0, 0.711712, 0.702472, 3600, 0, 1),
(4000252, 195525, 648, 1, 1, -8373.27, 1731.02, 39.9434, 1.57997, 0, 0, 0.710342, 0.703857, 3600, 0, 1),
(4000253, 195525, 648, 1, 1, -8373.32, 1719.39, 39.9415, 4.77653, 0, 0, 0.684072, -0.729415, 3600, 0, 1),
(4000254, 201591, 648, 1, 1, -8074.38, 1498.9, 8.83251, 3.43841, 0, 0, 0.989008, -0.147862, 3600, 0, 1),
(4000255, 201733, 648, 1, 1, -8402.21, 1371.39, 104.687, 3.12104, 0, 0, 0.999947, 0.0102749, 3600, 0, 1),
(4000256, 195488, 648, 1, 1, -8363.31, 1111.52, 32.4294, 4.94772, 0, 0, 0.619206, -0.785228, 180, 0, 1),
(4000257, 195488, 648, 1, 1, -8429.99, 1214.49, 46.0521, 6.15331, 0, 0, 0.0648945, -0.997892, 180, 0, 1),
(4000258, 195488, 648, 1, 1, -8430.02, 1229.14, 50.0742, 1.42992, 0, 0, 0.655587, 0.755119, 180, 0, 1),
(4004829, 1731, 648, 1, 1, 687.234, 2035.08, 54.3169, 5.97437, 0, 0, 0.153794, -0.988103, 300, 0, 1),
(4004830, 1731, 648, 1, 1, 569.459, 2048.39, 16.9829, 3.2726, 0, 0, 0.997855, -0.0654587, 300, 0, 1),
(4004831, 1731, 648, 1, 1, 532.769, 2103.29, 8.73655, 3.2569, 0, 0, 0.998339, -0.0576196, 300, 0, 1),
(4004832, 1731, 648, 1, 1, 415.288, 2162.94, 6.38458, 3.09825, 0, 0, 0.999765, 0.0216721, 300, 0, 1),
(4004833, 1731, 648, 1, 1, 235.914, 1788.83, 4.46933, 3.69279, 0, 0, 0.962262, -0.272125, 300, 0, 1),
(4004834, 1731, 648, 1, 1, 202.599, 1812.51, 10.9868, 3.23334, 0, 0, 0.998948, -0.0458557, 300, 0, 1),
(4004835, 1731, 648, 1, 1, 837.567, 1947.35, 116.545, 4.60699, 0, 0, 0.743371, -0.66888, 300, 0, 1),
(4004836, 1731, 648, 1, 1, 908.587, 1964.53, 126.79, 5.96652, 0, 0, 0.157674, -0.987491, 300, 0, 1),
(4004837, 1731, 648, 1, 1, 1014.23, 2219.95, 14.3671, 0.749104, 0, 0, 0.365856, 0.930672, 300, 0, 1),
(4004838, 1731, 648, 1, 1, 1056.96, 2204.03, 18.1591, 1.13002, 0, 0, 0.535424, 0.844584, 300, 0, 1),
(4004839, 1731, 648, 1, 1, 1089.93, 2214.73, 19.8739, 6.1762, 0, 0, 0.0534662, -0.99857, 300, 0, 1),
(4004840, 1731, 648, 1, 1, 1189.71, 2298.24, 1.9339, 2.45891, 0, 0, 0.942307, 0.33475, 300, 0, 1),
(4004841, 1731, 648, 1, 1, 1248.46, 2323.57, 3.72461, 0.0335996, 0, 0, 0.016799, 0.999859, 300, 0, 1),
(4004842, 1731, 648, 1, 1, 1168.73, 2403.93, 2.49611, 3.13985, 0, 0, 1, 0.00087078, 300, 0, 1),
(4004843, 1731, 648, 1, 1, 1254.36, 2436.53, 2.77254, 4.06034, 0, 0, 0.896331, -0.443385, 300, 0, 1),
(4029142, 201603, 648, 1, 1, -8257.37, 1535.46, 41.3296, 0.215066, 0, 0, 0.107326, 0.994224, 300, 0, 1),
(4029143, 201603, 648, 1, 1, -8241.69, 1532.54, 40.4729, 0.179722, 0, 0, 0.0897401, 0.995965, 300, 0, 1);





INSERT INTO `gameobject` (`guid`, `id`, `map`, `spawnMask`, `phaseMask`, `position_x`, `position_y`, `position_z`, `orientation`, `rotation0`, `rotation1`, `rotation2`, `rotation3`, `spawntimesecs`, `animprogress`, `state`) VALUES
(4004799, 1731, 648, 1, 1, 2329.11, 2165.62, 8.44357, 6.11762, 0, 0, 0.0826874, -0.996576, 300, 0, 1),
(4004800, 1731, 648, 1, 1, 2387.56, 2032.4, 1.99338, 0.0865478, 0, 0, 0.0432604, 0.999064, 300, 0, 1),
(4004801, 1731, 648, 1, 1, 2431.86, 1875.68, 6.29746, 0.0386391, 0, 0, 0.0193183, 0.999813, 300, 0, 1),
(4004802, 1731, 648, 1, 1, 2329.42, 1846.37, 41.5495, 3.52581, 0, 0, 0.981604, -0.190928, 300, 0, 1),
(4004803, 1731, 648, 1, 1, 2290.06, 1826.74, 60.0191, 3.18101, 0, 0, 0.999806, -0.019709, 300, 0, 1),
(4004804, 1731, 648, 1, 1, 2133.24, 1829.16, 119.097, 3.19672, 0, 0, 0.99962, -0.0275607, 300, 0, 1),
(4004805, 1731, 648, 1, 1, 2138.26, 1879.54, 104.674, 0.204353, 0, 0, 0.101999, 0.994784, 300, 0, 1),
(4004806, 1731, 648, 1, 1, 2208.49, 1944.35, 53.0065, 0.506729, 0, 0, 0.250663, 0.968075, 300, 0, 1),
(4004807, 1731, 648, 1, 1, 2192.79, 2022.52, 42.3538, 3.15745, 0, 0, 0.999969, -0.00792857, 300, 0, 1),
(4004808, 1731, 648, 1, 1, 2005.23, 1815.59, 146.705, 4.75338, 0, 0, 0.692465, -0.721451, 300, 0, 1),
(4004809, 1731, 648, 1, 1, 1951.67, 1813.18, 161.123, 3.20772, 0, 0, 0.999453, -0.0330577, 300, 0, 1),
(4004810, 1731, 648, 1, 1, 1904.22, 1850.22, 172.917, 6.23857, 0, 0, 0.0223067, -0.999751, 300, 0, 1),
(4004811, 1731, 648, 1, 1, 1811.22, 1917.77, 173.273, 3.85017, 0, 0, 0.937893, -0.346925, 300, 0, 1),
(4004812, 1731, 648, 1, 1, 1752.75, 1799.95, 173.175, 3.3915, 0, 0, 0.992203, -0.124629, 300, 0, 1),
(4004813, 1731, 648, 1, 1, 1538.71, 1502.6, 134.928, 3.14567, 0, 0, 0.999998, -0.00203852, 300, 0, 1),
(4004814, 1731, 648, 1, 1, 1502.98, 1467.67, 132.867, 3.20536, 0, 0, 0.999492, -0.0318784, 300, 0, 1),
(4004815, 1731, 648, 1, 1, 1445.98, 1436.91, 137.538, 1.55917, 0, 0, 0.702983, 0.711207, 300, 0, 1),
(4004816, 1731, 648, 1, 1, 1695.27, 1203.09, 132.7, 3.2195, 0, 0, 0.999241, -0.0389419, 300, 0, 1),
(4004817, 1731, 648, 1, 1, 1603.84, 1167.24, 123.808, 5.46338, 0, 0, 0.398521, -0.917159, 300, 0, 1),
(4004818, 1731, 648, 1, 1, 1514.14, 1160.53, 123.251, 2.25738, 0, 0, 0.903853, 0.427842, 300, 0, 1),
(4004819, 1731, 648, 1, 1, 812.783, 1529.49, 155.654, 1.77358, 0, 0, 0.775047, 0.631904, 300, 0, 1),
(4004820, 1731, 648, 1, 1, 761.928, 1490.5, 136.896, 3.09304, 0, 0, 0.999705, 0.0242714, 300, 0, 1),
(4004821, 1731, 648, 1, 1, 727.353, 1525.08, 124.103, 3.00979, 0, 0, 0.997829, 0.0658522, 300, 0, 1),
(4004822, 1731, 648, 1, 1, 800.916, 1728.39, 124.744, 6.1616, 0, 0, 0.0607568, -0.998153, 300, 0, 1),
(4004823, 1731, 648, 1, 1, 719.648, 1705.68, 117.148, 3.09776, 0, 0, 0.99976, 0.0219155, 300, 0, 1),
(4004824, 1731, 648, 1, 1, 596.231, 1750.18, 94.7871, 3.14724, 0, 0, 0.999996, -0.00282268, 300, 0, 1),
(4004825, 1731, 648, 1, 1, 488.706, 1752, 1.05769, 6.21863, 0, 0, 0.0322738, -0.999479, 300, 0, 1),
(4004826, 1731, 648, 1, 1, 598.636, 1865.72, 22.4249, 4.10434, 0, 0, 0.886359, -0.462998, 300, 0, 1),
(4004827, 1731, 648, 1, 1, 605.26, 1904.33, 11.1073, 5.82829, 0, 0, 0.225493, -0.974245, 300, 0, 1),
(4004828, 1731, 648, 1, 1, 668.834, 1994.82, 38.6864, 6.07412, 0, 0, 0.104344, -0.994541, 300, 0, 1);




INSERT INTO `gameobject` (`guid`, `id`, `map`, `spawnMask`, `phaseMask`, `position_x`, `position_y`, `position_z`, `orientation`, `rotation0`, `rotation1`, `rotation2`, `rotation3`, `spawntimesecs`, `animprogress`, `state`) VALUES
(4000315, 202351, 648, 1, 2, 1304.55, 1531.52, 315.725, 0.794916, 0, 0, 0.387076, 0.922048, 300, 0, 1),
(4000316, 202351, 648, 1, 2, 1327.16, 1504.73, 313.786, 1.81593, 0, 0, 0.788254, 0.61535, 300, 0, 1),
(4000317, 202351, 648, 1, 2, 1338.13, 1541.99, 307.906, 1.55282, 0, 0, 0.700724, 0.713432, 300, 0, 1),
(4000318, 202351, 648, 1, 2, 1347.25, 1557.71, 302.532, 0.928433, 0, 0, 0.447722, 0.894173, 300, 0, 1),
(4000319, 202351, 648, 1, 2, 1374.37, 1526.73, 303.744, 5.10675, 0, 0, 0.554879, -0.831931, 300, 0, 1),
(4000320, 202351, 648, 1, 2, 1373, 1499.04, 306.722, 4.30957, 0, 0, 0.834269, -0.551357, 300, 0, 1),
(4000321, 202351, 648, 1, 2, 1332.03, 1478.16, 308.229, 3.45742, 0, 0, 0.987558, -0.157256, 300, 0, 1),
(4000322, 202351, 648, 1, 2, 1302.77, 1493.18, 318.647, 3.55166, 0, 0, 0.979054, -0.203602, 300, 0, 1),
(4000323, 202351, 648, 1, 2, 1285.49, 1481.9, 322.491, 3.25321, 0, 0, 0.998443, -0.0557809, 300, 0, 1),
(4000324, 202351, 648, 1, 2, 1270.74, 1503.31, 322.975, 3.11577, 0, 0, 0.999917, 0.0129122, 300, 0, 1),
(4000358, 195488, 648, 1, 1, -8490.38, 1204.33, 42.3581, 5.5315, 0, 0, 0.367059, -0.930198, 180, 0, 1),
(4004781, 1731, 648, 1, 1, 1528.19, 2847, 12.3941, 1.26859, 0, 0, 0.592611, 0.805489, 300, 0, 1),
(4004782, 1731, 648, 1, 1, 1553.74, 2805.88, 15.134, 4.5602, 0, 0, 0.758815, -0.651306, 300, 0, 1),
(4004783, 1731, 648, 1, 1, 1614.4, 2805.28, 12.5051, 0.0111713, 0, 0, 0.00558564, 0.999984, 300, 0, 1),
(4004784, 1731, 648, 1, 1, 1764.17, 2888.68, 16.2729, 1.56704, 0, 0, 0.705779, 0.708432, 300, 0, 1),
(4004785, 1731, 648, 1, 1, 1813.16, 2869.11, 14.3738, 6.27943, 0, 0, 0.0018796, -0.999998, 300, 0, 1),
(4004786, 1731, 648, 1, 1, 1904.03, 2773.44, 14.6823, 2.60769, 0, 0, 0.964579, 0.263794, 300, 0, 1),
(4004787, 1731, 648, 1, 1, 1944.03, 2810.17, 5.51756, 6.28178, 0, 0, 0.000702294, -1, 300, 0, 1),
(4004788, 1731, 648, 1, 1, 2046.82, 2827.13, 5.78218, 6.21816, 0, 0, 0.0325054, -0.999472, 300, 0, 1),
(4004789, 1731, 648, 1, 1, 2061.78, 2646.64, 10.5518, 0.098335, 0, 0, 0.0491477, 0.998792, 300, 0, 1),
(4004790, 1731, 648, 1, 1, 1982.21, 2572.71, 23.802, 0.284471, 0, 0, 0.141757, 0.989902, 300, 0, 1),
(4004791, 1731, 648, 1, 1, 2043.28, 2483.09, 2.24576, 2.82995, 0, 0, 0.987884, 0.155192, 300, 0, 1),
(4004792, 1731, 648, 1, 1, 2143.54, 2481.63, 11.6902, 6.17495, 0, 0, 0.0540898, -0.998536, 300, 0, 1),
(4004793, 1731, 648, 1, 1, 2159.42, 2539.58, 1.95892, 6.19693, 0, 0, 0.0431131, -0.99907, 300, 0, 1),
(4004794, 1731, 648, 1, 1, 2224.91, 2471.68, 7.31979, 6.26291, 0, 0, 0.010138, -0.999949, 300, 0, 1),
(4004795, 1731, 648, 1, 1, 2204.19, 2384.81, 7.40939, 3.07027, 0, 0, 0.999364, 0.0356558, 300, 0, 1),
(4004796, 1731, 648, 1, 1, 2265.12, 2317.35, 4.02919, 5.53014, 0, 0, 0.36769, -0.929948, 300, 0, 1),
(4004797, 1731, 648, 1, 1, 2072.4, 2272.77, 70.2587, 4.76752, 0, 0, 0.687351, -0.726326, 300, 0, 1),
(4004798, 1731, 648, 1, 1, 2091.5, 2233.42, 66.4554, 4.90261, 0, 0, 0.63676, -0.771062, 300, 0, 1),
(4029137, 201603, 648, 1, 1, -8338.86, 1471.87, 47.2324, 2.85008, 0, 0, 0.989397, 0.14524, 300, 0, 1);




INSERT INTO `gameobject` (`guid`, `id`, `map`, `spawnMask`, `phaseMask`, `position_x`, `position_y`, `position_z`, `orientation`, `rotation0`, `rotation1`, `rotation2`, `rotation3`, `spawntimesecs`, `animprogress`, `state`) VALUES
(4000325, 202351, 648, 1, 2, 1279.68, 1525.44, 319.365, 1.18369, 0, 0, 0.557892, 0.829914, 300, 0, 1),
(4000326, 202351, 648, 1, 2, 1295.54, 1540.27, 316.431, 1.19547, 0, 0, 0.562771, 0.826613, 300, 0, 1),
(4000327, 202351, 648, 1, 2, 1292.88, 1558.24, 316.759, 0.56715, 0, 0, 0.279789, 0.960061, 300, 0, 1),
(4000328, 202351, 648, 1, 2, 1324.55, 1561.16, 311.787, 1.4468, 0, 0, 0.661935, 0.749561, 300, 0, 1),
(4000329, 202351, 648, 1, 2, 1320.02, 1602.1, 308.028, 1.69027, 0, 0, 0.74806, 0.663631, 300, 0, 1),
(4000330, 202351, 648, 1, 2, 1317.77, 1636.98, 311.724, 1.63529, 0, 0, 0.729538, 0.683941, 300, 0, 1),
(4000331, 202351, 648, 1, 2, 1353.43, 1638.47, 299.47, 6.20238, 0, 0, 0.0403909, -0.999184, 300, 0, 1),
(4000332, 202351, 648, 1, 2, 1396.9, 1610.59, 288.853, 5.58585, 0, 0, 0.341648, -0.939828, 300, 0, 1),
(4000333, 202351, 648, 1, 2, 1419.02, 1591.67, 289.264, 4.85935, 0, 0, 0.653286, -0.757111, 300, 0, 1),
(4000334, 202351, 648, 1, 2, 1427.86, 1565.26, 290.875, 5.38949, 0, 0, 0.432124, -0.901814, 300, 0, 1),
(4000359, 195488, 648, 1, 1, -8478.92, 1202.34, 41.9344, 6.15196, 0, 0, 0.0655673, -0.997848, 180, 0, 1),
(4000360, 195488, 648, 1, 1, -8462.3, 1203.76, 42.1474, 0.200994, 0, 0, 0.100328, 0.994954, 180, 0, 1),
(4000361, 195488, 648, 1, 1, -8446.62, 1200.57, 40.6294, 5.9022, 0, 0, 0.189343, -0.981911, 180, 0, 1),
(4000362, 195488, 648, 1, 1, -8439.03, 1192.86, 40.5609, 5.32022, 0, 0, 0.463094, -0.886309, 180, 0, 1),
(4000363, 195488, 648, 1, 1, -8439.06, 1180.52, 40.7984, 4.34947, 0, 0, 0.823106, -0.567887, 180, 0, 1),
(4000364, 195488, 648, 1, 1, -8454.77, 1160.56, 39.8499, 3.98897, 0, 0, 0.911579, -0.411125, 180, 0, 1),
(4000365, 195488, 648, 1, 1, -8461.94, 1141, 39.8191, 4.51676, 0, 0, 0.772783, -0.63467, 180, 0, 1),
(4000366, 195488, 648, 1, 1, -8478.81, 1140.49, 40.3999, 3.00879, 0, 0, 0.997796, 0.0663518, 180, 0, 1),
(4000367, 195488, 648, 1, 1, -8483.77, 1153.34, 39.7902, 1.53853, 0, 0, 0.695606, 0.718424, 180, 0, 1),
(4000368, 195488, 648, 1, 1, -8484.94, 1166.96, 41.7269, 1.76001, 0, 0, 0.770741, 0.637148, 180, 0, 1),
(4000369, 195488, 648, 1, 1, -8488.23, 1184.14, 41.9642, 1.76001, 0, 0, 0.770741, 0.637148, 180, 0, 1),
(4000370, 195488, 648, 1, 1, -8497.07, 1190.89, 42.9992, 2.78495, 0, 0, 0.984143, 0.177376, 180, 0, 1),
(4000508, 195516, 648, 1, 1, -8045.1, 1952.59, 55.6246, 2.99999, 0, 0, 0.997495, 0.070744, 300, 0, 1),
(4000509, 195518, 648, 1, 1, -8007.79, 1861.29, 53.1958, 1.56112, 0, 0, 0.703678, 0.710519, 300, 0, 1),
(4000820, 201603, 648, 1, 1, -8270.68, 1441.65, 39.6782, 3.57881, 0, 0, 0.976201, -0.21687, 300, 0, 1),
(4000821, 201603, 648, 1, 1, -8345.04, 1509.36, 46.6738, 2.70701, 0, 0, 0.976485, 0.215586, 300, 0, 1),
(4000822, 201603, 648, 1, 1, -8284.28, 1532.41, 45.8996, 0.349241, 0, 0, 0.173735, 0.984793, 300, 0, 1),
(4000823, 201603, 648, 1, 1, -8145.7, 1562.74, 16.5344, 6.15019, 0, 0, 0.0664463, -0.99779, 300, 0, 1),
(4000824, 201603, 648, 1, 1, -8191.54, 1623, 28.3691, 5.56508, 0, 0, 0.351388, -0.93623, 300, 0, 1),
(4001276, 195515, 648, 1, 1, -8148.3, 1903.45, 69.7824, 0.0322344, 0, 0, 0.0161165, 0.99987, 300, 0, 1);




INSERT INTO `gameobject` (`guid`, `id`, `map`, `spawnMask`, `phaseMask`, `position_x`, `position_y`, `position_z`, `orientation`, `rotation0`, `rotation1`, `rotation2`, `rotation3`, `spawntimesecs`, `animprogress`, `state`) VALUES
(4000825, 201603, 648, 1, 1, -8116.75, 1584.1, 11.6374, 6.13057, 0, 0, 0.0762327, -0.99709, 300, 0, 1),
(4000826, 201603, 648, 1, 1, -8130.17, 1620.86, 14.7353, 6.23268, 0, 0, 0.0252508, -0.999681, 300, 0, 1),
(4000827, 201603, 648, 1, 1, -8132.02, 1666.3, 15.0962, 1.74805, 0, 0, 0.766919, 0.641743, 300, 0, 1),
(4000828, 201603, 648, 1, 1, -8285.64, 1559.71, 48.2086, 1.81874, 0, 0, 0.789116, 0.614245, 300, 0, 1),
(4000829, 201603, 648, 1, 1, -8313.07, 1569.37, 48.5241, 2.3371, 0, 0, 0.920184, 0.391485, 300, 0, 1),
(4000830, 201603, 648, 1, 1, -8297.37, 1651.41, 50.7648, 4.88415, 0, 0, 0.643847, -0.765154, 300, 0, 1),
(4000831, 201603, 648, 1, 1, -8426.13, 1695.68, 50.2473, 1.67188, 0, 0, 0.741927, 0.670481, 300, 0, 1),
(4000832, 201603, 648, 1, 1, -8437.15, 1662.99, 47.2645, 3.80031, 0, 0, 0.946249, -0.323438, 300, 0, 1),
(4000833, 201603, 648, 1, 1, -8468.24, 1556.07, 48.8794, 3.88279, 0, 0, 0.932111, -0.362172, 300, 0, 1),
(4000834, 201603, 648, 1, 1, -8266.42, 1566.7, 43.6043, 0.531505, 0, 0, 0.262635, 0.964895, 300, 0, 1),
(4000835, 201603, 648, 1, 1, -8285.08, 1515.07, 44.0315, 0.829952, 0, 0, 0.403168, 0.915126, 300, 0, 1),
(4000836, 201603, 648, 1, 1, -8167.98, 1442.66, 20.1463, 3.96919, 0, 0, 0.9156, -0.40209, 300, 0, 1),
(4000861, 185319, 648, 1, 2, -8398.36, 1300.75, 96.5927, 4.7455, 0, 0, 0.695306, -0.718714, 300, 0, 1),
(4000862, 185319, 648, 1, 2, -8428.16, 1249.94, 66.6395, 3.697, 0, 0, 0.961688, -0.274146, 300, 0, 1),
(4000863, 185319, 648, 1, 2, -8453.85, 1192, 41.4885, 4.43527, 0, 0, 0.797993, -0.602667, 300, 0, 1),
(4000864, 185319, 648, 1, 2, -8452.04, 1212.18, 42.7558, 1.43897, 0, 0, 0.658998, 0.752145, 300, 0, 1),
(4000865, 185319, 648, 1, 2, -8471.16, 1207.24, 42.0063, 3.39461, 0, 0, 0.992008, -0.126174, 300, 0, 1),
(4000866, 185319, 648, 1, 2, -8488.52, 1193.34, 42.1743, 3.86193, 0, 0, 0.935838, -0.35243, 300, 0, 1),
(4000867, 185319, 648, 1, 2, -8506.34, 1201.11, 46.9421, 2.44428, 0, 0, 0.939833, 0.341634, 300, 0, 1),
(4000868, 185319, 648, 1, 2, -8516.35, 1217.14, 52.3805, 2.66812, 0, 0, 0.972109, 0.234531, 300, 0, 1),
(4000869, 185319, 648, 1, 2, -8516.53, 1200, 50.8078, 4.38029, 0, 0, 0.814257, -0.580504, 300, 0, 1),
(4000870, 185319, 648, 1, 2, -8516.53, 1200, 50.8078, 4.30568, 0, 0, 0.835342, -0.54973, 300, 0, 1),
(4000871, 185319, 648, 1, 2, -8491.71, 1239.82, 52.2925, 0.582885, 0, 0, 0.287334, 0.95783, 300, 0, 1),
(4000872, 185319, 648, 1, 2, -8476.28, 1244.45, 53.335, 6.11209, 0, 0, 0.085444, -0.996343, 300, 0, 1),
(4000873, 185319, 648, 1, 2, -8451.29, 1316.49, 109.968, 1.74528, 0, 0, 0.766027, 0.642808, 300, 0, 1),
(4000874, 185319, 648, 1, 2, -8469.77, 1369.88, 101.697, 2.84876, 0, 0, 0.9893, 0.145894, 300, 0, 1),
(4000875, 185319, 648, 1, 2, -8478.41, 1369.01, 101.697, 3.64594, 0, 0, 0.968372, -0.249509, 300, 0, 1),
(4000876, 185319, 648, 1, 2, -8495.88, 1359.2, 99.794, 1.90236, 0, 0, 0.8141, 0.580725, 300, 0, 1),
(4000877, 185319, 648, 1, 2, -8444.75, 1318.5, 102.073, 0.382599, 0, 0, 0.190135, 0.981758, 300, 0, 1),
(4000878, 185319, 648, 1, 2, -8379.43, 1347.34, 101.947, 0.897035, 0, 0, 0.43363, 0.901091, 300, 0, 1);




INSERT INTO `gameobject` (`guid`, `id`, `map`, `spawnMask`, `phaseMask`, `position_x`, `position_y`, `position_z`, `orientation`, `rotation0`, `rotation1`, `rotation2`, `rotation3`, `spawntimesecs`, `animprogress`, `state`) VALUES
(4000879, 185319, 648, 1, 2, -8390.54, 1327.13, 102.445, 3.24145, 0, 0, 0.998754, -0.0499096, 300, 0, 1),
(4000880, 185319, 648, 1, 2, -8403.09, 1318.86, 101.775, 3.09615, 0, 0, 0.999742, 0.0227176, 300, 0, 1),
(4000881, 185319, 648, 1, 2, -8425.8, 1314.94, 102.48, 3.01369, 0, 0, 0.997956, 0.0639094, 300, 0, 1),
(4000882, 185319, 648, 1, 2, -8458.81, 1350.81, 101.697, 2.06335, 0, 0, 0.858161, 0.51338, 300, 0, 1),
(4000883, 185319, 648, 1, 2, -8510.35, 1326.65, 102.393, 4.70622, 0, 0, 0.709285, -0.704922, 300, 0, 1),
(4000884, 185319, 648, 1, 2, -8504.97, 1312.07, 101.697, 4.93006, 0, 0, 0.626117, -0.779729, 300, 0, 1),
(4000885, 185319, 648, 1, 2, -8500.33, 1298.4, 102.23, 0.00560808, 0, 0, 0.00280404, 0.999996, 300, 0, 1),
(4000886, 185319, 648, 1, 2, -8479.59, 1303.76, 101.697, 0.253008, 0, 0, 0.126167, 0.992009, 300, 0, 1),
(4000887, 185319, 648, 1, 2, -8464.6, 1315.27, 101.697, 0.637854, 0, 0, 0.313548, 0.949572, 300, 0, 1),
(4000888, 185319, 648, 1, 2, -8101.11, 1458.96, 10.0265, 0.657496, 0, 0, 0.322858, 0.946447, 300, 0, 1),
(4000889, 185319, 648, 1, 2, -8081.89, 1484.01, 8.83214, 1.7492, 0, 0, 0.767287, 0.641304, 300, 0, 1),
(4000890, 185319, 648, 1, 2, -8076.48, 1508.22, 8.84858, 0.578956, 0, 0, 0.285452, 0.958393, 300, 0, 1),
(4000891, 185319, 648, 1, 2, -8052.54, 1505.53, 9.68027, 4.81225, 0, 0, 0.670933, -0.741518, 300, 0, 1),
(4000892, 185319, 648, 1, 2, -8064.14, 1484.77, 8.92974, 4.10932, 0, 0, 0.885203, -0.465204, 300, 0, 1),
(4000893, 185319, 648, 1, 2, -8056.72, 1470.99, 8.83699, 5.80185, 0, 0, 0.238349, -0.97118, 300, 0, 1),
(4000894, 185319, 648, 1, 2, -8047.48, 1459.69, 10.4636, 2.52674, 0, 0, 0.953116, 0.302605, 300, 0, 1),
(4000895, 185319, 648, 1, 2, -8100.02, 1551.27, 9.03294, 2.14583, 0, 0, 0.878595, 0.477567, 300, 0, 1),
(4000896, 185319, 648, 1, 2, -8112.21, 1578.57, 9.26851, 0.798867, 0, 0, 0.388897, 0.921281, 300, 0, 1),
(4000897, 185319, 648, 1, 2, -8106.38, 1634.43, 9.17355, 1.78454, 0, 0, 0.778499, 0.627645, 300, 0, 1),
(4000898, 185319, 648, 1, 2, -8104.5, 1663.22, 11.438, 1.58427, 0, 0, 0.711853, 0.702329, 300, 0, 1),
(4000899, 185319, 648, 1, 2, -8105.85, 1698.06, 16.3819, 1.94162, 0, 0, 0.825344, 0.56463, 300, 0, 1),
(4000900, 185319, 648, 1, 2, -8101.06, 1761.55, 25.1183, 1.22298, 0, 0, 0.574089, 0.818793, 300, 0, 1),
(4000901, 185319, 648, 1, 2, -8084.27, 1791.53, 22.7853, 1.12481, 0, 0, 0.533221, 0.845976, 300, 0, 1),
(4000902, 185319, 648, 1, 2, -8093.9, 1878.67, 55.6978, 1.54107, 0, 0, 0.696519, 0.717539, 300, 0, 1),
(4000903, 185319, 648, 1, 2, -8100.77, 1896.75, 54.5089, 2.48355, 0, 0, 0.946359, 0.323118, 300, 0, 1),
(4000904, 185319, 648, 1, 2, -8119.73, 1925.22, 55.5557, 1.32508, 0, 0, 0.615123, 0.788431, 300, 0, 1),
(4000905, 185319, 648, 1, 2, -8102.83, 1938.63, 54.9151, 5.95501, 0, 0, 0.163354, -0.986568, 300, 0, 1),
(4000906, 185319, 648, 1, 2, -8080.05, 1924.42, 55.5014, 5.22852, 0, 0, 0.503232, -0.864151, 300, 0, 1),
(4000907, 185319, 648, 1, 2, -8077.55, 1915.83, 55.0862, 4.76906, 0, 0, 0.68679, -0.726856, 300, 0, 1),
(4000908, 185319, 648, 1, 2, -8069.18, 1892.4, 54.2946, 5.80186, 0, 0, 0.238348, -0.97118, 300, 0, 1);




INSERT INTO `gameobject` (`guid`, `id`, `map`, `spawnMask`, `phaseMask`, `position_x`, `position_y`, `position_z`, `orientation`, `rotation0`, `rotation1`, `rotation2`, `rotation3`, `spawntimesecs`, `animprogress`, `state`) VALUES
(4000909, 185319, 648, 1, 2, -8040.28, 1874.03, 52.5161, 0.280509, 0, 0, 0.139795, 0.99018, 300, 0, 1),
(4000910, 185319, 648, 1, 2, -8017.69, 1883.11, 52.5146, 0.256947, 0, 0, 0.128121, 0.991759, 300, 0, 1),
(4000911, 185319, 648, 1, 2, -8074.44, 1892.62, 54.8145, 3.1747, 0, 0, 0.999863, -0.016554, 300, 0, 1),
(4000912, 185319, 648, 1, 2, -8123.05, 1887.36, 54.5085, 2.81735, 0, 0, 0.986887, 0.161414, 300, 0, 1),
(4000913, 185319, 648, 1, 2, -8106.08, 1911.46, 55.1023, 0.944168, 0, 0, 0.454743, 0.890623, 300, 0, 1),
(4000914, 185319, 648, 1, 2, -8094.37, 1924.06, 56.2243, 0.60252, 0, 0, 0.296723, 0.954963, 300, 0, 1),
(4000915, 185319, 648, 1, 2, -8053.38, 1862.94, 52.5163, 4.18394, 0, 0, 0.867235, -0.497899, 300, 0, 1),
(4000916, 185319, 648, 1, 2, -8053.05, 1843.98, 50.4118, 4.61984, 0, 0, 0.73906, -0.67364, 300, 0, 1),
(4000917, 185319, 648, 1, 2, -8323.45, 1726.72, 50.7187, 4.47061, 0, 0, 0.787219, -0.616673, 300, 0, 1),
(4000918, 185319, 648, 1, 2, -8340.27, 1705.74, 50.7806, 1.74921, 0, 0, 0.767289, 0.641301, 300, 0, 1),
(4000919, 185319, 648, 1, 2, -8338.25, 1749.21, 50.481, 2.65634, 0, 0, 0.970711, 0.240252, 300, 0, 1),
(4000920, 185319, 648, 1, 2, -8349.07, 1741.71, 51.2371, 2.79379, 0, 0, 0.984917, 0.173028, 300, 0, 1),
(4000921, 185319, 648, 1, 2, -8319.35, 1747.74, 50.9995, 6.23383, 0, 0, 0.0246752, -0.999696, 300, 0, 1),
(4000922, 185319, 648, 1, 2, -8425.19, 1298.66, 102.959, 4.36066, 0, 0, 0.819916, -0.572484, 300, 0, 1),
(4000923, 185319, 648, 1, 2, -8428.75, 1281.74, 102.605, 4.36851, 0, 0, 0.817662, -0.575699, 300, 0, 1),
(4000924, 185319, 648, 1, 2, -8436.75, 1282.47, 102.604, 2.9116, 0, 0, 0.993395, 0.114745, 300, 0, 1),
(4000925, 185319, 648, 1, 2, -8413.17, 1308.68, 102.961, 2.24401, 0, 0, 0.900972, 0.433878, 300, 0, 1),
(4000926, 185319, 648, 1, 2, -8410.6, 1316.57, 102.048, 0.7007, 0, 0, 0.343226, 0.939253, 300, 0, 1),
(4000927, 185319, 648, 1, 2, -8392.7, 1323.96, 102.371, 0.00169516, 0, 0, 0.000847578, 1, 300, 0, 1),
(4000928, 185319, 648, 1, 2, -8421.21, 1310.3, 102.294, 3.23361, 0, 0, 0.998942, -0.0459919, 300, 0, 1),
(4000929, 185319, 648, 1, 2, -8435.32, 1317.67, 102.168, 3.96011, 0, 0, 0.917416, -0.39793, 300, 0, 1),
(4014897, 201977, 648, 1, 1, 1164.76, 2374.27, 0.668408, 5.03218, 0, 0, 0.585504, -0.81067, 300, 0, 1),
(4014898, 201977, 648, 1, 1, 1227.88, 2421.21, 0.372657, 3.41034, 0, 0, 0.990986, -0.133969, 300, 0, 1),
(4014899, 201977, 648, 1, 1, 1252.69, 2372.01, 0.905444, 4.69839, 0, 0, 0.712039, -0.70214, 300, 0, 1),
(4014900, 201977, 648, 1, 1, 1181.46, 2320.14, 0.720153, 2.83778, 0, 0, 0.988485, 0.151322, 300, 0, 1),
(4029136, 201603, 648, 1, 1, -8294.05, 1445.55, 41.6287, 2.46131, 0, 0, 0.942707, 0.33362, 300, 0, 1),
(4029141, 201603, 648, 1, 1, -8269.31, 1537.81, 41.2562, 1.00832, 0, 0, 0.483072, 0.875581, 300, 0, 1),
(4029253, 195518, 648, 1, 2, -8049.89, 1953.98, 53.0431, 5.71675, 0, 0, 0.279445, -0.960162, 300, 0, 1),
(4029254, 195516, 648, 1, 2, -8046.37, 1951.44, 52.8969, 0.0186889, 0, 0, 0.00934432, 0.999956, 300, 0, 1),
(4029255, 195515, 648, 1, 2, -8142.9, 1909.7, 55.7713, 1.72298, 0, 0, 0.758815, 0.651306, 300, 0, 1);




INSERT INTO `gameobject` (`guid`, `id`, `map`, `spawnMask`, `phaseMask`, `position_x`, `position_y`, `position_z`, `orientation`, `rotation0`, `rotation1`, `rotation2`, `rotation3`, `spawntimesecs`, `animprogress`, `state`) VALUES
(4028074, 195201, 648, 1, 1, 679.557, 3068.27, 9.34526, 2.16026, 0, 0, 0.88202, 0.471213, 300, 0, 1),
(4028075, 195201, 648, 1, 1, 671.068, 3085.03, 6.75113, 1.70473, 0, 0, 0.75284, 0.658204, 300, 0, 1),
(4028076, 195201, 648, 1, 1, 651.16, 3155.44, -0.174336, 2.51762, 0, 0, 0.951726, 0.30695, 300, 0, 1),
(4028077, 195201, 648, 1, 1, 660.578, 3140.61, 1.92504, 2.25058, 0, 0, 0.902393, 0.430914, 300, 0, 1),
(4028078, 195201, 648, 1, 1, 702.891, 3116.77, 6.96843, 5.10943, 0, 0, 0.553762, -0.832675, 300, 0, 1),
(4028079, 195201, 648, 1, 1, 735.114, 3128.32, 8.61135, 0.369554, 0, 0, 0.183727, 0.982977, 300, 0, 1),
(4028080, 195201, 648, 1, 1, 743.046, 3147.22, 8.95048, 4.81884, 0, 0, 0.668488, -0.743723, 300, 0, 1),
(4028081, 195201, 648, 1, 1, 767.097, 3107.63, 14.3218, 4.97199, 0, 0, 0.609634, -0.792683, 300, 0, 1),
(4028082, 195201, 648, 1, 1, 719.766, 3084.09, 12.3383, 3.35799, 0, 0, 0.994152, -0.10799, 300, 0, 1),
(4028083, 195201, 648, 1, 1, 717.187, 3027.05, 15.2506, 0.322426, 0, 0, 0.160515, 0.987033, 300, 0, 1),
(4028084, 195201, 648, 1, 1, 582.862, 3044.51, 8.53529, 4.69709, 0, 0, 0.712495, -0.701677, 300, 0, 1),
(4028470, 195515, 648, 1, 1, -8049.55, 1953.84, 52.8922, 2.31614, 0, 0, 0.91603, 0.40111, 300, 0, 1),
(4028471, 201734, 648, 1, 1, -8406.42, 1364.16, 117.269, 3.1989, 0, 0, 0.99959, -0.0286505, 300, 0, 1),
(4028503, 195516, 648, 1, 1, -8005.31, 1861.07, 56.1442, 0.227706, 0, 0, 0.113607, 0.993526, 300, 0, 1),
(4028792, 195188, 648, 1, 1, 532.588, 3199.72, 0.00102032, 2.64657, 0, 0, 0.969525, 0.244991, 300, 0, 1),
(4028793, 195188, 648, 1, 1, 475.564, 3222.33, 0.00114781, 3.21206, 0, 0, 0.999379, -0.0352253, 300, 0, 1),
(4028794, 195188, 648, 1, 1, 448.546, 3217.76, 0.00114781, 3.75791, 0, 0, 0.952894, -0.303305, 300, 0, 1),
(4028795, 195188, 648, 1, 1, 442.6, 3194.63, 0.00114781, 4.8771, 0, 0, 0.64654, -0.76288, 300, 0, 1),
(4028796, 195188, 648, 1, 1, 450.599, 3176.28, 0.00114781, 0.191418, 0, 0, 0.0955628, 0.995423, 300, 0, 1),
(4028797, 195188, 648, 1, 1, 462.805, 3158.19, 0.00114781, 0.341429, 0, 0, 0.169887, 0.985464, 300, 0, 1),
(4028798, 195188, 648, 1, 1, 491.428, 3154.74, 0.000936059, 0.915554, 0, 0, 0.441955, 0.897037, 300, 0, 1),
(4028799, 195188, 648, 1, 1, 533.115, 3183.3, 0.0011665, 5.43552, 0, 0, 0.411256, -0.91152, 300, 0, 1),
(4029134, 201603, 648, 1, 1, -8272.97, 1434.75, 39.6584, 4.09101, 0, 0, 0.889426, -0.45708, 300, 0, 1),
(4029138, 201603, 648, 1, 1, -8336.83, 1481.5, 46.9925, 1.82514, 0, 0, 0.791078, 0.611716, 300, 0, 1),
(4029139, 201603, 648, 1, 1, -8316.82, 1518.73, 46.5752, 0.898366, 0, 0, 0.43423, 0.900802, 300, 0, 1),
(4029140, 201603, 648, 1, 1, -8295.74, 1538.82, 47.4003, 0.965125, 0, 0, 0.464051, 0.885809, 300, 0, 1),
(4029173, 202613, 648, 1, 65534, 2477.74, 2058.03, 14.6294, 5.38795, 0, 0, 0.43282, -0.90148, 300, 0, 1),
(4029252, 195515, 648, 1, 2, -8005.61, 1859.3, 53.5445, 2.79115, 0, 0, 0.984688, 0.174326, 300, 0, 1),
(4029257, 195516, 648, 1, 2, -8007.06, 1859.57, 53.1962, 1.71122, 0, 0, 0.754969, 0.65576, 300, 0, 1),
(4029258, 195515, 648, 1, 2, -8005.42, 1859.52, 53.4776, 2.20602, 0, 0, 0.892568, 0.450913, 300, 0, 1);



INSERT INTO `gameobject` (`guid`, `id`, `map`, `spawnMask`, `phaseMask`, `position_x`, `position_y`, `position_z`, `orientation`, `rotation0`, `rotation1`, `rotation2`, `rotation3`, `spawntimesecs`, `animprogress`, `state`) VALUES
(4028690, 195188, 648, 1, 1, 555.878, 3152.5, -0.599919, 6.05543, 0, 0, 0.113633, -0.993523, 300, 0, 1),
(4028749, 195188, 648, 1, 1, 598.516, 3151.58, -0.519879, 3.16155, 0, 0, 0.99995, -0.0099777, 300, 0, 1),
(4028779, 195188, 648, 1, 1, 515.984, 3161.99, -1.0187, 0.868179, 0, 0, 0.420584, 0.907253, 300, 0, 1),
(4028780, 195188, 648, 1, 1, 510.204, 3188.45, -1.04648, 1.6575, 0, 0, 0.737088, 0.675796, 300, 0, 1),
(4028781, 195188, 648, 1, 1, 500.173, 3210.22, 0.00126989, 6.05573, 0, 0, 0.113481, -0.99354, 300, 0, 1),
(4028782, 195188, 648, 1, 1, 508.643, 3229.58, 0.00126989, 0.777857, 0, 0, 0.379197, 0.925316, 300, 0, 1),
(4028783, 195188, 648, 1, 1, 539.833, 3246.43, 0.00126989, 0.510822, 0, 0, 0.252643, 0.96756, 300, 0, 1),
(4028784, 195188, 648, 1, 1, 560.375, 3257.94, 0.00126989, 2.84135, 0, 0, 0.988753, 0.149557, 300, 0, 1),
(4028785, 195188, 648, 1, 1, 580.688, 3253.62, 0.00121712, 4.85983, 0, 0, 0.653107, -0.757266, 300, 0, 1),
(4028786, 195188, 648, 1, 1, 602.102, 3247.68, 0.00074989, 4.84726, 0, 0, 0.657852, -0.753147, 300, 0, 1),
(4028787, 195188, 648, 1, 1, 603.952, 3225.73, 0.00074989, 3.46496, 0, 0, 0.986958, -0.16098, 300, 0, 1),
(4028788, 195188, 648, 1, 1, 580.846, 3224.99, 0.00074989, 1.65854, 0, 0, 0.73744, 0.675413, 300, 0, 1),
(4028789, 195188, 648, 1, 1, 571.318, 3211.84, 0.00074989, 4.95093, 0, 0, 0.617946, -0.78622, 300, 0, 1),
(4028790, 195188, 648, 1, 1, 578.248, 3188.05, 0.00106642, 4.02416, 0, 0, 0.904204, -0.4271, 300, 0, 1),
(4028791, 195188, 648, 1, 1, 556.664, 3177.53, 0.00120322, 3.23091, 0, 0, 0.999003, -0.0446426, 300, 0, 1),
(4028832, 161752, 648, 1, 2, 572.652, 3111.05, 1.6436, 5.09141, 0, 0, 0.561243, -0.827651, 300, 0, 1),
(4028833, 195201, 648, 1, 2, 554.042, 3111.74, 1.12593, 5.46919, 0, 0, 0.395855, -0.918313, 300, 0, 1),
(4028834, 195201, 648, 1, 2, 568.415, 3097.52, 2.9436, 0.261212, 0, 0, 0.130235, 0.991483, 300, 0, 1),
(4028835, 195201, 648, 1, 2, 590.801, 3058.54, 7.66741, 5.70638, 0, 0, 0.284422, -0.958699, 300, 0, 1),
(4028836, 195201, 648, 1, 2, 626.913, 3065.1, 8.24043, 1.34585, 0, 0, 0.623275, 0.782003, 300, 0, 1),
(4028837, 195201, 648, 1, 2, 668.043, 3088.99, 5.85799, 0.786644, 0, 0, 0.383259, 0.923641, 300, 0, 1),
(4028838, 195201, 648, 1, 2, 657.511, 3105.15, 3.53612, 2.60563, 0, 0, 0.964307, 0.264787, 300, 0, 1),
(4028839, 195201, 648, 1, 2, 660.189, 3126.32, 2.44845, 2.61348, 0, 0, 0.965339, 0.260998, 300, 0, 1),
(4028840, 195201, 648, 1, 2, 671.509, 3147.46, 2.18705, 2.2844, 0, 0, 0.90955, 0.415595, 300, 0, 1),
(4028841, 195201, 648, 1, 2, 705.073, 3142.63, 4.68616, 0.257286, 0, 0, 0.128288, 0.991737, 300, 0, 1),
(4028842, 195201, 648, 1, 2, 711.242, 3163.36, 5.13309, 2.00794, 0, 0, 0.843609, 0.536958, 300, 0, 1),
(4028843, 195201, 648, 1, 2, 710.819, 3181.72, 5.30512, 2.73836, 0, 0, 0.979744, 0.200253, 300, 0, 1),
(4028862, 196439, 648, 1, 2, 880.944, 2736.37, 124.45, 5.08275, 0, 0, 0.564822, -0.825213, 300, 0, 1),
(4028863, 202166, 648, 1, 2, 907.851, 2327.75, 5.15, 4.95763, 0, 0, 0.615307, -0.788287, 300, 0, 1),
(4028864, 201938, 648, 1, 2, 906.976, 2329.43, 11.4925, 4.76914, 0, 0, 0.686759, -0.726885, 300, 0, 1);




INSERT INTO `gameobject` (`guid`, `id`, `map`, `spawnMask`, `phaseMask`, `position_x`, `position_y`, `position_z`, `orientation`, `rotation0`, `rotation1`, `rotation2`, `rotation3`, `spawntimesecs`, `animprogress`, `state`) VALUES
(4028844, 195201, 648, 1, 2, 685.963, 3189.47, 3.9894, 3.52533, 0, 0, 0.98165, -0.190693, 300, 0, 1),
(4028845, 195201, 648, 1, 2, 657.537, 3157.17, 0.585845, 4.26832, 0, 0, 0.845465, -0.534032, 300, 0, 1),
(4028846, 195201, 648, 1, 2, 644.452, 3129.66, 2.0501, 4.26832, 0, 0, 0.845465, -0.534032, 300, 0, 1),
(4028847, 195201, 648, 1, 2, 657.276, 3075.86, 6.92928, 4.72777, 0, 0, 0.701646, -0.712525, 300, 0, 1),
(4028848, 195201, 648, 1, 2, 598.337, 3065.77, 6.82589, 3.62822, 0, 0, 0.970545, -0.240918, 300, 0, 1),
(4028894, 195188, 648, 1, 2, 555.015, 3275.81, -1.08513, 4.66336, 0, 0, 0.724226, -0.689563, 300, 0, 1),
(4028895, 195188, 648, 1, 2, 576.016, 3295.43, -1.08513, 5.03093, 0, 0, 0.586012, -0.810303, 300, 0, 1),
(4028896, 195188, 648, 1, 2, 597.623, 3300.89, -1.08513, 4.83144, 0, 0, 0.663789, -0.74792, 300, 0, 1),
(4028897, 195188, 648, 1, 2, 501.637, 3243.29, -1.08513, 5.34666, 0, 0, 0.451337, -0.892353, 300, 0, 1),
(4028898, 195188, 648, 1, 2, 465.808, 3224.07, -1.08513, 5.97419, 0, 0, 0.153883, -0.988089, 300, 0, 1),
(4028899, 195188, 648, 1, 2, 489.198, 3172.69, -1.08513, 5.77392, 0, 0, 0.251892, -0.967755, 300, 0, 1),
(4028900, 195188, 648, 1, 2, 501.089, 3187.6, -1.08513, 0.00359572, 0, 0, 0.00179786, 0.999998, 300, 0, 1),
(4028901, 195188, 648, 1, 2, 516.03, 3290.84, -1.08513, 5.0647, 0, 0, 0.572246, -0.820082, 300, 0, 1),
(4028902, 195188, 648, 1, 2, 621.339, 3187.57, -1.08513, 4.58011, 0, 0, 0.752295, -0.658827, 300, 0, 1),
(4028903, 195188, 648, 1, 2, 604.297, 3167.22, -1.08513, 4.4513, 0, 0, 0.793136, -0.609045, 300, 0, 1),
(4028933, 201977, 648, 1, 2, 1159.58, 2307.06, 0.703294, 0.414181, 0, 0, 0.205613, 0.978633, 300, 0, 1),
(4028934, 201977, 648, 1, 2, 1216.9, 2337.42, 1.07819, 0.985951, 0, 0, 0.473249, 0.880929, 300, 0, 1),
(4028935, 201977, 648, 1, 2, 1263.96, 2375.06, 1.34398, 2.15934, 0, 0, 0.881801, 0.471621, 300, 0, 1),
(4028936, 201977, 648, 1, 2, 1135.6, 2301.96, 2.3494, 2.29128, 0, 0, 0.910975, 0.412462, 300, 0, 1),
(4028937, 202108, 648, 1, 2, 925.066, 2336.32, 5.02328, 5.90803, 0, 0, 0.186481, -0.982459, 300, 0, 1),
(4028938, 201974, 648, 1, 2, 1076.17, 2235.19, 10.8249, 2.35566, 0, 0, 0.923777, 0.382932, 300, 0, 1),
(4028998, 195140, 648, 1, 2, 2323.7, 2456.97, 17.123, 1.63536, 0, 0, 0.72956, 0.683917, 300, 0, 1);


DELETE FROM GAMEOBJECT_LOOT_TEMPLATE WHERE ENTRY= 195201;
INSERT INTO `gameobject_loot_template` (`entry`, `item`, `ChanceOrQuestChance`, `lootmode`, `groupid`, `mincountOrRef`, `maxcount`) VALUES
(195201, 46828, 100, 1, 0, 1, 1);

DELETE FROM GAMEOBJECT_LOOT_TEMPLATE WHERE ENTRY= 201977;
INSERT INTO `gameobject_loot_template` (`entry`, `item`, `ChanceOrQuestChance`, `lootmode`, `groupid`, `mincountOrRef`, `maxcount`) VALUES
(201977, 50261, 100, 1, 0, 1, 1);


DELETE FROM GAMEOBJECT_LOOT_TEMPLATE WHERE ENTRY= 202351;
INSERT INTO `gameobject_loot_template` (`entry`, `item`, `ChanceOrQuestChance`, `lootmode`, `groupid`, `mincountOrRef`, `maxcount`) VALUES
(202351, 52024, 100, 1, 0, 1, 5);


DELETE FROM GAMEOBJECT_LOOT_TEMPLATE WHERE ENTRY= 201974;
INSERT INTO `gameobject_loot_template` (`entry`, `item`, `ChanceOrQuestChance`, `lootmode`, `groupid`, `mincountOrRef`, `maxcount`) VALUES
(201974, 3851, 100, 1, 0, 1, 5);



DELETE FROM GAMEOBJECT_TEMPLATE WHERE ENTRY = 195201;
INSERT INTO `gameobject_template` (`entry`, `type`, `displayId`, `name`, `IconName`, `castBarCaption`, `unk1`, `faction`, `flags`, `size`, `questItem1`, `questItem2`, `questItem3`, `questItem4`, `questItem5`, `questItem6`, `data0`, `data1`, `data2`, `data3`, `data4`, `data5`, `data6`, `data7`, `data8`, `data9`, `data10`, `data11`, `data12`, `data13`, `data14`, `data15`, `data16`, `data17`, `data18`, `data19`, `data20`, `data21`, `data22`, `data23`, `data24`, `data25`, `data26`, `data27`, `data28`, `data29`, `data30`, `data31`, `AIName`, `ScriptName`, `WDBVerified`) VALUES
(195201, 3, 9116, 'Crate of Tools', '', 'Retrieving', '', 0, 0, 1, 46828, 0, 0, 0, 0, 0, 1690, 195201, 0, 1, 0, 0, 0, 0, 0, 0, 0, 0, 0, 0, 23645, 0, 0, 0, 0, 0, 0, 0, 0, 0, NULL, NULL, NULL, NULL, NULL, NULL, NULL, NULL, '', '', 13329);

DELETE FROM GAMEOBJECT_TEMPLATE WHERE ENTRY = 202351;

INSERT INTO `gameobject_template` (`entry`, `type`, `displayId`, `name`, `IconName`, `castBarCaption`, `unk1`, `faction`, `flags`, `size`, `questItem1`, `questItem2`, `questItem3`, `questItem4`, `questItem5`, `questItem6`, `data0`, `data1`, `data2`, `data3`, `data4`, `data5`, `data6`, `data7`, `data8`, `data9`, `data10`, `data11`, `data12`, `data13`, `data14`, `data15`, `data16`, `data17`, `data18`, `data19`, `data20`, `data21`, `data22`, `data23`, `data24`, `data25`, `data26`, `data27`, `data28`, `data29`, `data30`, `data31`, `AIName`, `ScriptName`, `WDBVerified`) VALUES
(202351, 3, 49, 'Rockin'' Powder', '', 'Collecting', '', 0, 0, 1, 52024, 0, 0, 0, 0, 0, 1690, 202351, 0, 1, 0, 0, 0, 202361, 0, 0, 0, 0, 0, 0, 19676, 0, 0, 0, 0, 0, 0, 0, 0, 0, NULL, NULL, NULL, NULL, NULL, NULL, NULL, NULL, '', '', 13329);



DELETE FROM GAMEOBJECT_TEMPLATE WHERE ENTRY = 201977;
INSERT INTO `gameobject_template` (`entry`, `type`, `displayId`, `name`, `IconName`, `castBarCaption`, `unk1`, `faction`, `flags`, `size`, `questItem1`, `questItem2`, `questItem3`, `questItem4`, `questItem5`, `questItem6`, `data0`, `data1`, `data2`, `data3`, `data4`, `data5`, `data6`, `data7`, `data8`, `data9`, `data10`, `data11`, `data12`, `data13`, `data14`, `data15`, `data16`, `data17`, `data18`, `data19`, `data20`, `data21`, `data22`, `data23`, `data24`, `data25`, `data26`, `data27`, `data28`, `data29`, `data30`, `data31`, `AIName`, `ScriptName`, `WDBVerified`) VALUES
(201977, 3, 1411, 'The Biggest Egg Ever', '', 'Retrieving', '', 0, 0, 6, 50261, 0, 0, 0, 0, 0, 1690, 201977, 1, 0, 0, 0, 0, 0, 0, 0, 0, 0, 0, 0, 23645, 0, 0, 0, 0, 0, 0, 0, 0, 0, NULL, NULL, NULL, NULL, NULL, NULL, NULL, NULL, '', '', 13329);


DELETE FROM GAMEOBJECT_TEMPLATE WHERE ENTRY = 201974;
INSERT INTO `gameobject_template` (`entry`, `type`, `displayId`, `name`, `IconName`, `castBarCaption`, `unk1`, `faction`, `flags`, `size`, `questItem1`, `questItem2`, `questItem3`, `questItem4`, `questItem5`, `questItem6`, `data0`, `data1`, `data2`, `data3`, `data4`, `data5`, `data6`, `data7`, `data8`, `data9`, `data10`, `data11`, `data12`, `data13`, `data14`, `data15`, `data16`, `data17`, `data18`, `data19`, `data20`, `data21`, `data22`, `data23`, `data24`, `data25`, `data26`, `data27`, `data28`, `data29`, `data30`, `data31`, `AIName`, `ScriptName`, `WDBVerified`) VALUES
(201974, 3, 3851, 'Raptor Egg', '', 'Gathering', '', 0, 0, 1.5, 50239, 0, 0, 0, 0, 0, 43, 201974, 0, 1, 0, 0, 0, 0, 0, 0, 0, 0, 0, 0, 24982, 0, 0, 0, 0, 0, 0, 0, 0, 0, NULL, NULL, NULL, NULL, NULL, NULL, NULL, NULL, '', '', 13329);


